4
5 8 2
3 4
5 1
2 4
3 2
2 1
4 1
3 5
3 1
7 6 2
1 4
6 2
3 7
6 5
2 1
6 3
9 20 8
2 3
2 9
2 4
3 4
6 8
1 5
3 8
1 7
5 8
7 4
6 1
7 8
5 7
1 4
9 4
1 3
7 3
4 8
2 1
1 8
17 70 15
8 2
11 15
11 13
17 10
5 14
9 13
11 7
5 2
8 15
12 16
9 3
8 16
5 4
11 10
5 3
12 1
17 4
12 14
9 2
17 3
5 7
11 14
11 16
5 15
12 3
6 15
9 14
8 7
17 16
6 13
9 10
11 3
5 10
11 2
8 4
17 14
8 13
9 16
12 4
11 4
12 10
8 1
6 16
6 2
9 7
11 1
9 1
5 13
9 15
6 14
6 4
17 2
5 1
12 2
5 16
17 15
6 10
17 7
17 1
17 13
12 7
9 4
6 7
8 3
12 13
8 10
12 15
6 3
8 14
6 1
20 71 18
1 2
18 14
13 17
19 13
17 7
16 17
20 12
3 6
16 8
4 7
11 4
7 16
11 5
14 12
8 10
5 10
9 12
15 11
18 9
14 15
15 3
10 11
13 18
20 1
1 10
16 12
8 14
16 2
19 7
19 16
20 3
8 6
2 11
11 8
4 15
18 5
20 4
5 14
10 15
10 9
6 4
14 1
9 14
9 20
20 14
9 2
8 3
15 16
5 20
4 10
5 8
13 11
2 5
19 6
12 8
3 16
11 18
20 8
14 16
20 15
13 7
12 13
11 3
6 2
6 17
17 5
9 16
16 13
5 16
1 3
4 9